1,0.000886,0.000026
2,0.001588,0.000027
3,0.001598,0.000039
4,0.002501,0.000034
5,0.002021,0.000031
6,0.002428,0.000037
7,0.002116,0.000035
8,0.002447,0.000036
9,0.002234,0.000029
10,0.002573,0.000032
11,0.002324,0.000036
12,0.002267,0.000033
13,0.002637,0.000027
14,0.002323,0.000033
15,0.002222,0.000041
16,0.002586,0.000025
17,0.002563,0.000039
18,0.002843,0.000037
19,0.002617,0.000038
20,0.002552,0.000039
21,0.002731,0.000038
22,0.002468,0.000040
23,0.002410,0.000045
24,0.002466,0.000031
25,0.002487,0.000043
26,0.002258,0.000033
27,0.002202,0.000036
28,0.002455,0.000034
29,0.001731,0.000037
30,0.002819,0.000039
31,0.002241,0.000038
32,0.002201,0.000038
33,0.003081,0.000040
34,0.002171,0.000042
35,0.002854,0.000038
36,0.001880,0.000040
37,0.002083,0.000039
38,0.002327,0.000040
39,0.002685,0.000044
40,0.001710,0.000043
41,0.002403,0.000041
42,0.001375,0.000035
43,0.002397,0.000033
44,0.004351,0.000041
45,0.002462,0.000043
46,0.002701,0.000041
47,0.003289,0.000047
48,0.002012,0.000037
49,0.002371,0.000045
50,0.002239,0.000046
51,0.002377,0.000044
52,0.002321,0.000045
53,0.002532,0.000047
54,0.003017,0.000048
55,0.002701,0.000046
56,0.004009,0.000048
57,0.002598,0.000055
58,0.002544,0.000046
59,0.003483,0.000056
60,0.002837,0.000062
61,0.002338,0.000035
62,0.002111,0.000036
63,0.002071,0.000042
64,0.001979,0.000045
65,0.002315,0.000058
66,0.002363,0.000046
67,0.002206,0.000049
68,0.002346,0.000040
69,0.002671,0.000054
70,0.002608,0.000049
71,0.002263,0.000036
72,0.002412,0.000039
73,0.001984,0.000039
74,0.002550,0.000046
75,0.002777,0.000047
76,0.002665,0.000047
77,0.002209,0.000052
78,0.002465,0.000050
79,0.002244,0.000049
80,0.002313,0.000049
81,0.002045,0.000052
82,0.002091,0.000048
83,0.003405,0.000043
84,0.002406,0.000050
85,0.002215,0.000041
86,0.002512,0.000076
87,0.044563,0.000053
88,0.037061,0.000048
89,0.040235,0.000055
90,0.039880,0.000049
91,0.009658,0.000051
92,0.004829,0.000046
93,0.003740,0.000052
94,0.003497,0.000049
95,0.028436,0.000050
96,0.021018,0.000057
97,0.002322,0.000055
98,0.002752,0.000045
99,0.003192,0.000051
100,0.002571,0.000053
101,0.003227,0.000057
102,0.002499,0.000059
103,0.002619,0.000056
104,0.002788,0.000059
105,0.002983,0.000054
106,0.002971,0.000056
107,0.003636,0.000057
108,0.002945,0.000063
109,0.003123,0.000058
110,0.003729,0.000055
111,0.003371,0.000056
112,0.003666,0.000052
113,0.004009,0.000063
114,0.003340,0.000056
115,0.004932,0.000056
116,0.004008,0.000061
117,0.004073,0.000061
118,0.004461,0.000058
119,0.005119,0.000057
120,0.005568,0.000061
121,0.003686,0.000054
122,0.004387,0.000062
123,0.003554,0.000060
124,0.002833,0.000061
125,0.002778,0.000061
126,0.002649,0.000056
127,0.005471,0.000060
128,0.002354,0.000048
129,0.002129,0.000060
130,0.001548,0.000058
131,0.001745,0.000057
132,0.004516,0.000064
133,0.002660,0.000060
134,0.002902,0.000060
135,0.002800,0.000066
136,0.001754,0.000065
137,0.002270,0.000060
138,0.002339,0.000058
139,0.002341,0.000064
140,0.002532,0.000058
141,0.002256,0.000063
142,0.002529,0.000062
143,0.002103,0.000062
144,0.002888,0.000053
145,0.002636,0.000053
146,0.001856,0.000054
147,0.003302,0.000057
148,0.002218,0.000065
149,0.002190,0.000063
150,0.002755,0.000062
151,0.002588,0.000066
152,0.002764,0.000058
153,0.002779,0.000063
154,0.002558,0.000061
155,0.002263,0.000068
156,0.002680,0.000067
157,0.002238,0.000053
158,0.002474,0.000063
159,0.002201,0.000053
160,0.002658,0.000053
161,0.002292,0.000072
162,0.002297,0.000055
163,0.002211,0.000064
164,0.002551,0.000076
165,0.002275,0.000063
166,0.002238,0.000053
167,0.002167,0.000064
168,0.001955,0.000062
169,0.002319,0.000065
170,0.002137,0.000067
171,0.003076,0.000065
172,0.002617,0.000054
173,0.002660,0.000071
174,0.002425,0.000065
175,0.002597,0.000068
176,0.002672,0.000067
177,0.002748,0.000069
178,0.002381,0.000065
179,0.002612,0.000074
180,0.002682,0.000063
181,0.002159,0.000056
182,0.001893,0.000056
183,0.002250,0.000061
184,0.002385,0.000067
185,0.002413,0.000074
186,0.003087,0.000068
187,0.002477,0.000077
188,0.002788,0.000070
189,0.002477,0.000074
190,0.002897,0.000072
191,0.002024,0.000069
192,0.001868,0.000068
193,0.001843,0.000055
194,0.002090,0.000080
195,0.001735,0.000082
196,0.001722,0.000053
197,0.002356,0.000052
198,0.001962,0.000052
199,0.001675,0.000053
200,0.002162,0.000052
201,0.001690,0.000052
202,0.001955,0.000054
203,0.001720,0.000054
204,0.001862,0.000053
205,0.001736,0.000053
206,0.001775,0.000073
207,0.002114,0.000071
208,0.001743,0.000071
209,0.001660,0.000076
210,0.003889,0.000074
211,0.008100,0.000077
212,0.003050,0.000092
213,0.002879,0.000083
214,0.003097,0.000074
215,0.002103,0.000083
216,0.002690,0.000079
217,0.003309,0.000166
218,0.002259,0.000083
219,0.003305,0.000081
220,0.002665,0.000083
221,0.002927,0.000081
222,0.003720,0.000085
223,0.002956,0.000085
224,0.002470,0.000082
225,0.002832,0.000087
226,0.003157,0.000085
227,0.002644,0.000084
228,0.002453,0.000081
229,0.002923,0.000081
230,0.004000,0.000085
231,0.003164,0.000085
232,0.002709,0.000079
233,0.003434,0.000085
234,0.004203,0.000085
235,0.004080,0.000074
236,0.003279,0.000087
237,0.002942,0.000079
238,0.003403,0.000079
239,0.002596,0.000077
240,0.002889,0.000078
241,0.003040,0.000090
242,0.003365,0.000073
243,0.003058,0.000077
244,0.003040,0.000077
245,0.003522,0.000090
246,0.002912,0.000081
247,0.002789,0.000082
248,0.002532,0.000079
249,0.002421,0.000079
250,0.002346,0.000080
251,0.002010,0.000080
252,0.002519,0.000084
253,0.001869,0.000074
254,0.001844,0.000090
255,0.002005,0.000076
256,0.001923,0.000080
257,0.002073,0.000088
258,0.002895,0.000088
259,0.002387,0.000083
260,0.002227,0.000068
261,0.002486,0.000089
262,0.002187,0.000087
263,0.002316,0.000051
264,0.002676,0.000076
265,0.002442,0.000068
266,0.003291,0.000054
267,0.003587,0.000088
268,0.003388,0.000076
269,0.002304,0.000077
270,0.002057,0.000082
271,0.002368,0.000088
272,0.002699,0.000082
273,0.002310,0.000092
274,0.002317,0.000092
275,0.002210,0.000085
276,0.002388,0.000090
277,0.002964,0.000072
278,0.006660,0.000080
279,0.003138,0.000089
280,0.002362,0.000094
281,0.002357,0.000093
282,0.002320,0.000094
283,0.002864,0.000089
284,0.002909,0.000078
285,0.002522,0.000081
286,0.002559,0.000071
287,0.004741,0.000084
288,0.002265,0.000072
289,0.002142,0.000075
290,0.002401,0.000093
291,0.005211,0.000087
292,0.003002,0.000074
293,0.002734,0.000074
294,0.002725,0.000071
295,0.002191,0.000094
296,0.002652,0.000088
297,0.002361,0.000091
298,0.002351,0.000085
299,0.002601,0.000113
300,0.001433,0.000087
301,0.001406,0.000086
302,0.001319,0.000087
303,0.001364,0.000087
304,0.004707,0.000098
305,0.002632,0.000076
306,0.002564,0.000087
307,0.002210,0.000080
308,0.002383,0.000086
309,0.002554,0.000086
310,0.002813,0.000075
311,0.002450,0.000082
312,0.002260,0.000085
313,0.002446,0.000089
314,0.002296,0.000075
315,0.002102,0.000075
316,0.001870,0.000099
317,0.001901,0.000080
318,0.002705,0.000079
319,0.002248,0.000075
320,0.002735,0.000059
321,0.002352,0.000079
322,0.002244,0.000078
323,0.037455,0.000098
324,0.050053,0.000093
325,0.051291,0.000101
326,0.011146,0.000097
327,0.005135,0.000078
328,0.003516,0.000102
329,0.002280,0.000098
330,0.002850,0.000103
331,0.002405,0.000100
332,0.002339,0.000097
333,0.003803,0.000101
334,0.003751,0.000103
335,0.025125,0.000107
336,0.021449,0.000102
337,0.008157,0.000104
338,0.005750,0.000105
339,0.006684,0.000094
340,0.004531,0.000100
341,0.003872,0.000093
342,0.003611,0.000094
343,0.004320,0.000104
344,0.003753,0.000097
345,0.002664,0.000080
346,0.002320,0.000122
347,0.002376,0.000111
348,0.004093,0.000084
349,0.002923,0.000086
350,0.002604,0.000080
351,0.002813,0.000099
352,0.002576,0.000104
353,0.004329,0.000091
354,0.004139,0.000115
355,0.003020,0.000093
356,0.016300,0.000100
357,0.010074,0.000116
358,0.008471,0.000136
359,0.008096,0.000227
360,0.005323,0.000190
361,0.004399,0.000116
362,0.003570,0.000137
363,0.005360,0.000197
364,0.003622,0.000133
365,0.003104,0.000098
366,0.002061,0.000114
367,0.005467,0.000114
368,0.003293,0.000109
369,0.003606,0.000129
370,0.002744,0.000110
371,0.005834,0.000107
372,0.005584,0.000098
373,0.003579,0.000116
374,0.002902,0.000066
375,0.004631,0.000113
376,0.003295,0.000134
377,0.002513,0.000117
378,0.002556,0.000106
379,0.003928,0.000121
380,0.004741,0.000117
381,0.003081,0.000117
382,0.002121,0.000115
383,0.003384,0.000103
384,0.004907,0.000109
385,0.004161,0.000095
386,0.003954,0.000101
387,0.003383,0.000114
388,0.004890,0.000114
389,0.003680,0.000118
390,0.003267,0.000115
391,0.003767,0.000084
392,0.005051,0.000117
393,0.003153,0.000142
394,0.003016,0.000125
395,0.003175,0.000128
396,0.005112,0.000129
397,0.003355,0.000140
398,0.002889,0.000125
399,0.002529,0.000127
400,0.002751,0.000127
401,0.002958,0.000128
402,0.004552,0.000135
403,0.002812,0.000117
404,0.003196,0.000129
405,0.003055,0.000124
406,0.005865,0.000128
407,0.003570,0.000134
408,0.003598,0.000128
409,0.005318,0.000129
410,0.004590,0.000136
411,0.003273,0.000128
412,0.003069,0.000132
413,0.003161,0.000130
414,0.005728,0.000130
415,0.003248,0.000135
416,0.003910,0.000127
417,0.005162,0.000135
418,0.004240,0.000137
419,0.003919,0.000126
420,0.003849,0.000132
421,0.006782,0.000132
422,0.004020,0.000137
423,0.003913,0.000132
424,0.003984,0.000133
425,0.004732,0.000185
426,0.003592,0.000134
427,0.003336,0.000112
428,0.004718,0.000106
429,0.005155,0.000120
430,0.003891,0.000131
431,0.003158,0.000129
432,0.003548,0.000135
433,0.004986,0.000144
434,0.003485,0.000138
435,0.002825,0.000137
436,0.003439,0.000135
437,0.005088,0.000135
438,0.003962,0.000190
439,0.003591,0.000111
440,0.003007,0.000096
441,0.005483,0.000134
442,0.003268,0.000142
443,0.003072,0.000120
444,0.003431,0.000121
445,0.004415,0.000122
446,0.004460,0.000138
447,0.003214,0.000120
448,0.003222,0.000255
449,0.003907,0.000123
450,0.004526,0.000123
451,0.003212,0.000123
452,0.002391,0.000116
453,0.005092,0.000128
454,0.007209,0.000111
455,0.003705,0.000131
456,0.003001,0.000145
457,0.004157,0.000116
458,0.004635,0.000142
459,0.003102,0.000123
460,0.003185,0.000122
461,0.002647,0.000123
462,0.005091,0.000112
463,0.003017,0.000136
464,0.003217,0.000135
465,0.003638,0.000102
466,0.005090,0.000127
467,0.003275,0.000145
468,0.002828,0.000133
469,0.002730,0.000136
470,0.003536,0.000135
471,0.005230,0.000146
472,0.002507,0.000126
473,0.002846,0.000137
474,0.002725,0.000121
475,0.004172,0.000139
476,0.003732,0.000156
477,0.004366,0.000108
478,0.003933,0.000146
479,0.005158,0.000104
480,0.003705,0.000121
481,0.003492,0.000160
482,0.003246,0.000148
483,0.004090,0.000146
484,0.004014,0.000124
485,0.003044,0.000136
486,0.002747,0.000123
487,0.003042,0.000132
488,0.005034,0.000150
489,0.003488,0.000136
490,0.003176,0.000150
491,0.003281,0.000151
492,0.004245,0.000145
493,0.002564,0.000139
494,0.003902,0.000137
495,0.002845,0.000124
496,0.003522,0.000128
497,0.004077,0.000153
498,0.003854,0.000126
499,0.003132,0.000139
500,0.003267,0.000171
501,0.003882,0.000167
502,0.003735,0.000148
503,0.002834,0.000164
504,0.002657,0.000123
505,0.002278,0.000130
506,0.003467,0.000132
507,0.003130,0.000129
508,0.002635,0.000129
509,0.002675,0.000133
510,0.001581,0.000107
511,0.002564,0.000167
512,0.003165,0.000140
513,0.003698,0.000126
514,0.002201,0.000110
515,0.003047,0.000107
516,0.002376,0.000116
517,0.002639,0.000133
518,0.003241,0.000133
519,0.003471,0.000159
520,0.002567,0.000109
521,0.002532,0.000138
522,0.002726,0.000111
523,0.004499,0.000108
524,0.002907,0.000151
525,0.002343,0.000152
526,0.002306,0.000129
527,0.002976,0.000135
528,0.002414,0.000135
529,0.004751,0.000136
530,0.003723,0.000147
531,0.002163,0.000110
532,0.002594,0.000132
533,0.002597,0.000108
534,0.004042,0.000144
535,0.002845,0.000139
536,0.002686,0.000142
537,0.002270,0.000141
538,0.003574,0.000116
539,0.002750,0.000138
540,0.003685,0.000157
541,0.002655,0.000146
542,0.002208,0.000129
543,0.002524,0.000123
544,0.003275,0.000115
545,0.005872,0.000127
546,0.002809,0.000167
547,0.002812,0.000150
548,0.002383,0.000136
549,0.003656,0.000138
550,0.002506,0.000125
551,0.002516,0.000146
552,0.002808,0.000132
553,0.003031,0.000143
554,0.002580,0.000118
555,0.002505,0.000122
556,0.002355,0.000117
557,0.002832,0.000129
558,0.002761,0.000130
559,0.002645,0.000128
560,0.002599,0.000131
561,0.002517,0.000139
562,0.002487,0.000138
563,0.002990,0.000119
564,0.002532,0.000125
565,0.003021,0.000130
566,0.002369,0.000139
567,0.002100,0.000141
568,0.002346,0.000136
569,0.002321,0.000136
570,0.002911,0.000140
571,0.002310,0.000137
572,0.002879,0.000141
573,0.011780,0.000153
574,0.025418,0.000157
575,0.043298,0.000131
576,0.003504,0.000147
577,0.002714,0.000154
578,0.002693,0.000145
579,0.002717,0.000144
580,0.002590,0.000142
581,0.002599,0.000142
582,0.002675,0.000149
583,0.002945,0.000148
584,0.005375,0.000136
585,0.006637,0.000145
586,0.040270,0.000158
587,0.023847,0.000156
588,0.003013,0.000154
589,0.002491,0.000134
590,0.002664,0.000148
591,0.002953,0.000145
592,0.003144,0.000145
593,0.034430,0.000155
594,0.004817,0.000158
595,0.002447,0.000087
596,0.002302,0.000120
597,0.002129,0.000146
598,0.002696,0.000134
599,0.002421,0.000133
600,0.002604,0.000125
601,0.002568,0.000130
602,0.002944,0.000144
603,0.002207,0.000142
604,0.002670,0.000162
605,0.002635,0.000141
606,0.002855,0.000144
607,0.002166,0.000147
608,0.002530,0.000149
609,0.002394,0.000173
610,0.002640,0.000157
611,0.002672,0.000143
612,0.002419,0.000144
613,0.002022,0.000148
614,0.002188,0.000125
615,0.002494,0.000158
616,0.002313,0.000145
617,0.002428,0.000151
618,0.002402,0.000140
619,0.002342,0.000123
620,0.002242,0.000120
621,0.002154,0.000136
622,0.002694,0.000134
623,0.002805,0.000124
624,0.002394,0.000147
625,0.002813,0.000148
626,0.002797,0.000150
627,0.002341,0.000147
628,0.002613,0.000139
629,0.002306,0.000125
630,0.003980,0.000163
631,0.002297,0.000139
632,0.002460,0.000103
633,0.002703,0.000134
634,0.002506,0.000127
635,0.002315,0.000131
636,0.002491,0.000128
637,0.002614,0.000143
638,0.002463,0.000142
639,0.002288,0.000150
640,0.002425,0.000136
641,0.002878,0.000167
642,0.002343,0.000131
643,0.002323,0.000146
644,0.002498,0.000145
645,0.002356,0.000130
646,0.002550,0.000144
647,0.002469,0.000145
648,0.002382,0.000135
649,0.002420,0.000175
650,0.002702,0.000139
651,0.002157,0.000145
652,0.002391,0.000182
653,0.002455,0.000156
654,0.002850,0.000151
655,0.002063,0.000158
656,0.002547,0.000161
657,0.002388,0.000173
658,0.002403,0.000149
659,0.002509,0.000140
660,0.002691,0.000144
661,0.002624,0.000153
662,0.002394,0.000136
663,0.002372,0.000154
664,0.002426,0.000176
665,0.002698,0.000160
666,0.002529,0.000143
667,0.002412,0.000152
668,0.002322,0.000142
669,0.002310,0.000163
670,0.002844,0.000152
671,0.002918,0.000154
672,0.002675,0.000161
673,0.002642,0.000151
674,0.002422,0.000162
675,0.002216,0.000153
676,0.002411,0.000155
677,0.004000,0.000155
678,0.002486,0.000153
679,0.001971,0.000166
680,0.002538,0.000158
681,0.002952,0.000172
682,0.002678,0.000157
683,0.002038,0.000155
684,0.002782,0.000177
685,0.002430,0.000147
686,0.002404,0.000149
687,0.002207,0.000158
688,0.002240,0.000160
689,0.002395,0.000197
690,0.002419,0.000157
691,0.002668,0.000156
692,0.002339,0.000163
693,0.002359,0.000167
694,0.002364,0.000110
695,0.002569,0.000149
696,0.002482,0.000164
697,0.002867,0.000167
698,0.002771,0.000161
699,0.002322,0.000138
700,0.001860,0.000155
701,0.002693,0.000172
702,0.002573,0.000156
703,0.002180,0.000161
704,0.003081,0.000162
705,0.002650,0.000167
706,0.002526,0.000187
707,0.002437,0.000166
708,0.002536,0.000185
709,0.002185,0.000159
710,0.002501,0.000166
711,0.002501,0.000163
712,0.002370,0.000140
713,0.002725,0.000149
714,0.002292,0.000169
715,0.002747,0.000160
716,0.002723,0.000147
717,0.002299,0.000160
718,0.001909,0.000166
719,0.002456,0.000182
720,0.002322,0.000154
721,0.002398,0.000154
722,0.002784,0.000167
723,0.002481,0.000146
724,0.002531,0.000159
725,0.002197,0.000102
726,0.002470,0.000164
727,0.002171,0.000157
728,0.002450,0.000161
729,0.002177,0.000144
730,0.002515,0.000152
731,0.002728,0.000147
732,0.002887,0.000162
733,0.002797,0.000140
734,0.003536,0.000158
735,0.003303,0.000215
736,0.003225,0.000173
737,0.003042,0.000145
738,0.002949,0.000152
739,0.003002,0.000166
740,0.002401,0.000179
741,0.002515,0.000166
742,0.002225,0.000168
743,0.002335,0.000169
744,0.002655,0.000161
745,0.002632,0.000158
746,0.002351,0.000166
747,0.002558,0.000205
748,0.002719,0.000160
749,0.002813,0.000158
750,0.002473,0.000166
751,0.002529,0.000190
752,0.002226,0.000144
753,0.002242,0.000169
754,0.002987,0.000168
755,0.002489,0.000166
756,0.002343,0.000166
757,0.002231,0.000177
758,0.002374,0.000176
759,0.002450,0.000167
760,0.002671,0.000147
761,0.002457,0.000173
762,0.002566,0.000152
763,0.002781,0.000175
764,0.002328,0.000154
765,0.002760,0.000170
766,0.002266,0.000159
767,0.002062,0.000149
768,0.002269,0.000167
769,0.002648,0.000147
770,0.002364,0.000170
771,0.002630,0.000180
772,0.002497,0.000149
773,0.002529,0.000161
774,0.002593,0.000180
775,0.002434,0.000173
776,0.002419,0.000171
777,0.002508,0.000171
778,0.002169,0.000171
779,0.002625,0.000173
780,0.003198,0.000192
781,0.002370,0.000173
782,0.002276,0.000172
783,0.002499,0.000178
784,0.002369,0.000173
785,0.001894,0.000159
786,0.002762,0.000171
787,0.002474,0.000183
788,0.002572,0.000179
789,0.002545,0.000172
790,0.002559,0.000177
791,0.002512,0.000193
792,0.002365,0.000183
793,0.002598,0.000174
794,0.002636,0.000175
795,0.002486,0.000260
796,0.002698,0.000176
797,0.002107,0.000213
798,0.002392,0.000238
799,0.002688,0.000163
800,0.002259,0.000169
801,0.002869,0.000195
802,0.002408,0.000161
803,0.002302,0.000175
804,0.002175,0.000178
805,0.002590,0.000173
806,0.002381,0.000163
807,0.002315,0.000210
808,0.002746,0.000171
809,0.003027,0.000167
810,0.002718,0.000112
811,0.002243,0.000171
812,0.002436,0.000180
813,0.001841,0.000169
814,0.002516,0.000190
815,0.003031,0.000225
816,0.002547,0.000180
817,0.002656,0.000175
818,0.002870,0.000183
819,0.001936,0.000155
820,0.002448,0.000172
821,0.002556,0.000173
822,0.002731,0.000181
823,0.002589,0.000162
824,0.002459,0.000163
825,0.002407,0.000164
826,0.002782,0.000173
827,0.002571,0.000162
828,0.002641,0.000179
829,0.003116,0.000164
830,0.002633,0.000174
831,0.002599,0.000173
832,0.002801,0.000171
833,0.002428,0.000174
834,0.002179,0.000181
835,0.039250,0.000183
836,0.038029,0.000206
837,0.040006,0.000206
838,0.035939,0.000220
839,0.003426,0.000190
840,0.002864,0.000180
841,0.002925,0.000178
842,0.002789,0.000182
843,0.002491,0.000182
844,0.002896,0.000176
845,0.018276,0.000201
846,0.006143,0.000221
847,0.005985,0.000222
848,0.005429,0.000218
849,0.005034,0.000223
850,0.004989,0.000223
851,0.002930,0.000222
852,0.002512,0.000116
853,0.002646,0.000162
854,0.003077,0.000190
855,0.003782,0.000213
856,0.003637,0.000193
857,0.002337,0.000161
858,0.002462,0.000285
859,0.002577,0.000170
860,0.002284,0.000167
861,0.002436,0.000191
862,0.002527,0.000174
863,0.002220,0.000209
864,0.002129,0.000197
865,0.002014,0.000219
866,0.002696,0.000193
867,0.002806,0.000170
868,0.002543,0.000186
869,0.002110,0.000166
870,0.002041,0.000216
871,0.003126,0.000205
872,0.002608,0.000165
873,0.002445,0.000164
874,0.002363,0.000193
875,0.002335,0.000192
876,0.002289,0.000163
877,0.002780,0.000187
878,0.002861,0.000169
879,0.002923,0.000196
880,0.002449,0.000188
881,0.002040,0.000199
882,0.002082,0.000200
883,0.002580,0.000198
884,0.002552,0.000168
885,0.002641,0.000219
886,0.002676,0.000167
887,0.002187,0.000167
888,0.002367,0.000175
889,0.002965,0.000193
890,0.002268,0.000189
891,0.002267,0.000195
892,0.003074,0.000194
893,0.002736,0.000188
894,0.002514,0.000174
895,0.002445,0.000227
896,0.002690,0.000191
897,0.002597,0.000179
898,0.002580,0.000184
899,0.002422,0.000170
900,0.002550,0.000191
901,0.002925,0.000192
902,0.002650,0.000177
903,0.002212,0.000171
904,0.002449,0.000202
905,0.002685,0.000214
906,0.002557,0.000177
907,0.002615,0.000190
908,0.002620,0.000184
909,0.002666,0.000201
910,0.002713,0.000191
911,0.002576,0.000188
912,0.002612,0.000182
913,0.002698,0.000184
914,0.002867,0.000197
915,0.002734,0.000259
916,0.002855,0.000171
917,0.002807,0.000188
918,0.002528,0.000175
919,0.002401,0.000196
920,0.002415,0.000203
921,0.002468,0.000192
922,0.002509,0.000190
923,0.002632,0.000199
924,0.002310,0.000174
925,0.002861,0.000196
926,0.002661,0.000196
927,0.002399,0.000173
928,0.002229,0.000200
929,0.002953,0.000205
930,0.002762,0.000199
931,0.002538,0.000178
932,0.002368,0.000200
933,0.002582,0.000182
934,0.002503,0.000189
935,0.002441,0.000199
936,0.002307,0.000210
937,0.002424,0.000184
938,0.002526,0.000196
939,0.002643,0.000198
940,0.002610,0.000192
941,0.002859,0.000181
942,0.002835,0.000196
943,0.002558,0.000180
944,0.002438,0.000200
945,0.002388,0.000200
946,0.002404,0.000189
947,0.002579,0.000187
948,0.002895,0.000221
949,0.002344,0.000183
950,0.002549,0.000212
951,0.002275,0.000185
952,0.002587,0.000200
953,0.002243,0.000205
954,0.002436,0.000197
955,0.002832,0.000195
956,0.002535,0.000199
957,0.002056,0.000201
958,0.002249,0.000207
959,0.002503,0.000198
960,0.002593,0.000231
961,0.002555,0.000198
962,0.002608,0.000196
963,0.002583,0.000190
964,0.002720,0.000198
965,0.002675,0.000179
966,0.002709,0.000201
967,0.002830,0.000209
968,0.002738,0.000184
969,0.002284,0.000179
970,0.002236,0.000153
971,0.002609,0.000196
972,0.002706,0.000201
973,0.002698,0.000207
974,0.002417,0.000203
975,0.002059,0.000200
976,0.002350,0.000203
977,0.002253,0.000205
978,0.002601,0.000206
979,0.002458,0.000213
980,0.002616,0.000204
981,0.002498,0.000184
982,0.002424,0.000206
983,0.002681,0.000246
984,0.002730,0.000243
985,0.002383,0.000183
986,0.002586,0.000237
987,0.002498,0.000214
988,0.002302,0.000213
989,0.002238,0.000193
990,0.002839,0.000223
991,0.002389,0.000187
992,0.002785,0.000222
993,0.002299,0.000207
994,0.002722,0.000227
995,0.002327,0.000213
996,0.002119,0.000210
997,0.002429,0.000219
998,0.002188,0.000214
999,0.002556,0.000223
1000,0.003454,0.000208
